1000
1 1
100 100
100 1
162 85
158 65
144 58
128 79
135 73
181 91
137 74
114 74
136 64
93 82
138 71
152 70
139 77
132 65
127 98
114 92
152 83
187 94
69 58
106 77
102 81
147 63
174 76
95 80
87 74
161 70
133 77
142 80
165 69
80 75
157 73
131 95
117 71
106 93
79 55
137 55
97 83
120 86
143 100
179 92
148 72
154 66
102 99
105 51
122 90
158 82
127 88
90 64
155 61
175 80
106 72
166 99
195 98
75 58
146 94
71 70
145 59
126 61
125 81
111 71
114 83
176 79
156 75
82 73
161 94
194 97
171 85
73 67
95 76
107 79
103 71
84 81
152 82
93 85
91 51
173 77
73 55
145 99
116 95
141 62
136 72
141 100
193 100
120 86
110 86
181 94
102 59
112 85
123 64
131 99
109 72
168 93
153 79
113 55
92 63
92 57
90 72
132 89
99 71
172 96
130 87
75 62
66 60
86 82
90 62
152 83
71 54
81 57
137 67
141 51
147 75
104 60
66 61
118 64
137 68
128 86
190 93
151 96
137 89
94 72
156 57
128 82
118 78
101 90
104 99
131 70
173 95
84 64
118 74
107 85
92 84
174 92
87 63
138 76
64 64
103 51
179 100
147 79
142 69
151 70
89 56
147 87
168 69
153 54
136 77
95 82
145 55
110 84
144 60
156 66
134 58
129 93
139 94
161 82
175 88
126 78
150 91
126 90
105 63
105 99
91 78
116 95
70 51
117 96
128 89
123 83
77 72
127 100
176 92
96 76
103 81
165 69
96 66
170 78
172 100
90 65
73 51
98 58
185 87
158 60
84 60
78 69
83 64
127 95
190 96
160 81
147 74
145 95
118 58
145 66
188 95
104 83
91 87
157 96
117 91
142 98
96 94
163 79
124 82
89 61
164 92
110 52
128 92
105 52
70 67
85 52
186 96
121 54
139 71
54 54
141 53
109 60
70 67
116 53
111 58
161 75
106 54
137 62
128 71
126 90
93 79
156 96
101 73
102 52
154 98
147 53
156 57
137 98
125 97
69 69
109 62
158 99
101 66
97 58
88 73
75 71
135 86
156 71
108 65
177 100
117 79
110 61
129 62
147 55
99 56
89 60
142 60
122 81
94 68
119 58
143 83
112 89
172 91
165 75
179 83
143 66
164 74
117 93
96 82
97 92
76 64
54 54
82 56
114 98
149 71
106 60
127 80
121 70
88 57
130 73
76 64
109 95
72 60
83 71
91 81
165 76
114 59
87 67
149 62
122 84
136 66
139 83
96 90
112 63
96 91
99 82
112 67
165 92
136 63
156 67
79 72
143 86
142 71
91 91
80 62
87 62
141 67
126 69
185 92
121 51
78 61
156 87
78 56
126 53
119 88
142 60
151 59
142 85
114 93
133 59
146 99
110 79
97 60
124 70
173 75
165 84
114 98
92 61
192 96
108 70
97 79
158 88
83 71
142 65
132 96
143 67
98 91
113 56
188 89
127 100
126 90
113 95
114 51
133 89
71 66
166 75
141 86
171 82
175 82
73 68
90 68
87 70
169 76
83 57
183 97
119 76
101 87
152 73
137 75
169 81
78 68
177 83
111 65
96 59
110 57
145 72
84 59
92 82
81 64
158 95
182 92
126 96
160 89
98 65
166 77
103 99
105 100
165 97
179 94
156 61
129 80
141 74
136 73
165 69
155 90
131 95
152 82
69 58
86 54
158 79
136 66
145 73
94 60
161 78
168 70
116 53
120 70
159 86
137 78
123 76
147 65
128 96
111 57
162 64
112 72
147 88
129 67
93 52
99 76
150 78
119 65
114 93
118 53
145 74
151 82
98 97
120 67
98 91
122 94
177 80
176 92
86 52
165 74
183 85
131 79
180 91
96 90
92 76
70 61
72 72
106 97
167 86
99 61
109 83
124 77
156 69
110 78
156 75
121 71
186 96
119 69
106 93
163 69
178 97
87 67
151 69
172 85
171 75
82 78
191 99
165 68
103 69
91 85
149 92
146 51
115 53
157 74
127 73
72 63
100 68
105 84
153 90
171 89
149 64
155 70
157 67
88 74
96 80
167 75
89 61
85 60
126 90
75 57
109 72
161 79
105 95
163 75
95 80
134 97
86 78
183 100
110 53
101 74
148 79
102 51
82 72
91 52
178 90
166 73
164 74
197 98
94 63
128 51
141 84
135 83
106 65
120 52
139 55
171 95
138 72
126 72
65 57
131 53
133 78
129 55
75 75
164 67
85 73
161 79
159 66
105 66
112 91
178 93
143 89
140 78
125 84
152 100
130 68
182 83
131 77
109 94
137 86
177 87
169 78
100 63
131 72
141 70
181 94
149 59
168 98
154 89
152 83
128 67
139 88
94 94
121 83
125 61
128 96
79 75
138 59
74 62
133 64
164 94
134 90
135 86
151 86
90 64
144 61
134 65
131 79
153 60
180 91
108 77
129 65
103 55
164 87
85 52
144 95
112 57
162 94
127 67
87 64
163 92
137 60
114 69
121 60
123 100
96 96
161 86
118 76
140 81
145 56
131 62
125 74
164 81
90 57
98 94
156 75
155 89
155 88
163 71
84 82
129 98
167 93
102 84
156 73
165 78
166 93
137 75
86 53
178 82
138 97
102 76
137 57
137 52
75 70
120 91
188 90
138 76
89 70
139 98
80 70
93 67
149 60
85 77
131 93
162 69
90 80
65 60
72 59
118 80
104 83
108 79
137 57
146 51
86 62
118 64
137 68
159 90
143 70
120 87
158 71
145 51
198 99
125 86
112 70
171 85
134 85
155 69
77 66
96 63
85 63
130 57
77 58
110 56
85 61
146 87
115 97
93 81
101 96
84 51
115 81
80 65
184 97
169 100
185 98
125 88
179 90
95 90
93 89
128 71
87 84
171 79
117 95
114 71
133 72
131 53
55 55
145 63
198 99
153 64
127 74
104 56
130 94
65 58
103 86
101 80
164 84
190 96
86 63
99 66
105 88
114 83
94 85
148 92
124 55
173 78
126 55
160 91
75 74
131 79
115 75
121 78
152 61
111 84
166 88
104 54
91 67
77 64
179 80
176 82
74 59
103 61
124 87
158 60
137 98
82 69
121 93
83 79
113 67
113 75
155 60
99 78
92 66
133 75
154 98
123 78
107 61
78 67
92 89
83 58
77 61
130 56
166 70
123 56
106 93
109 90
108 58
106 74
139 60
118 65
147 52
66 59
117 80
136 60
183 99
183 100
183 91
156 60
126 87
131 96
167 94
141 77
102 51
121 70
135 96
129 64
77 75
138 59
140 93
153 69
142 81
128 97
101 73
175 81
112 69
105 82
148 61
105 62
144 56
90 70
162 64
116 98
115 52
185 90
76 71
126 84
173 75
144 72
137 84
149 52
125 78
80 64
103 91
177 100
106 53
129 97
134 99
59 52
145 96
155 94
131 97
91 66
81 53
130 67
105 90
167 86
138 53
53 53
79 71
136 87
145 66
102 86
160 75
129 64
104 74
176 84
110 81
143 91
151 85
162 67
102 74
134 87
126 100
126 64
116 87
92 92
181 84
143 68
104 60
94 74
103 85
145 51
88 54
105 97
159 97
144 58
98 66
97 90
115 81
181 85
138 54
92 68
164 99
105 89
106 63
176 89
71 69
122 62
159 80
98 57
96 72
127 92
120 58
124 54
147 84
111 100
78 63
102 68
190 100
160 67
109 70
151 57
109 96
138 56
152 77
137 99
128 77
96 85
137 69
80 67
172 73
121 86
145 81
139 93
131 59
129 89
86 63
121 64
154 61
161 80
93 79
153 82
162 66
169 86
120 53
83 83
139 65
93 60
125 68
120 71
83 60
145 53
80 51
113 78
122 82
138 95
123 84
89 64
143 90
132 80
153 96
154 67
119 79
79 53
78 73
150 72
149 80
79 52
107 87
111 90
167 84
144 77
140 58
76 65
140 87
96 88
123 55
188 90
142 74
86 77
66 63
131 77
126 69
94 71
152 56
112 70
103 91
108 53
138 84
125 91
139 58
172 99
117 79
105 92
177 78
179 95
121 60
159 79
120 97
80 80
58 58
140 88
97 93
151 92
81 56
109 92
96 60
134 74
91 77
122 85
127 79
111 91
163 100
96 64
71 67
152 94
117 90
137 69
141 72
95 54
166 92
95 90
86 85
172 83
164 74
94 62
194 95
88 88
125 68
137 89
110 93
122 53
131 62
89 61
98 80
143 58
138 58
121 67
64 57
100 100
86 65
168 80
150 60
87 53
92 67
117 56
112 70
178 87
100 80
116 62
100 58
108 78
99 65
64 56
172 92
142 98
111 66
85 63
118 93
133 98
144 52
160 64
90 60
148 99
106 94
185 96
126 78
96 68
119 62
139 63
177 80
95 56
91 86
150 68
104 81
121 85
83 66
104 51
120 96
114 64
68 58
134 92
141 77
120 79
92 81
100 90
188 98
108 53
77 61
142 61
141 83
81 75
90 89
146 72
138 73
140 74
158 89
101 67
