0
0
24139
51870
54858
46460
27945
34736
66368
35870
19928
38400
4725
37829
48618
35856
35066
17100
11948
43710
71093
3556
14091
9882
47460
66000
6475
5474
56364
31710
36630
60606
2170
51750
22374
22936
6965
8040
41856
6660
18746
27459
63685
44660
51480
1608
21996
17808
48480
21930
10164
54432
65280
15664
48230
77645
5719
34080
141
47124
32351
23484
19110
16154
67830
50589
3875
46665
77115
59648
2100
8208
13764
14616
1155
43758
3560
14626
64750
5888
30500
12027
43036
35776
26269
74129
18746
12348
65175
18354
14184
28424
19780
17195
53505
46632
25368
11935
13410
7452
26078
12750
55208
25606
4795
2142
1512
11400
43710
5250
8694
38148
45696
43068
18860
2032
25298
37720
24610
74995
36062
29606
9130
56232
26040
20580
5539
2639
32562
57084
7548
22272
10752
3520
59052
9450
35738
0
20636
59148
41810
40934
47515
12035
38142
63279
54441
34293
5487
48000
12998
45900
53280
38592
21978
28426
51516
61805
26112
38560
20736
18816
3264
5746
12027
5929
11502
23436
21630
1639
15663
61640
9288
10120
60606
12636
61752
53040
9920
6944
16224
72352
56680
9072
3381
6909
19092
72930
51092
43537
33120
27456
44310
71882
10472
1958
41239
14352
28320
1520
55418
22454
10950
50176
24300
21780
21666
1096
11645
68526
30625
38220
0
45396
21463
1096
27885
23153
54752
21600
40198
30845
20736
6536
40824
12876
20020
38304
50200
56232
24910
16428
0
21204
40606
15030
15655
6440
1606
29393
52210
19376
57893
19992
22059
34571
49490
17205
11026
43834
21518
10692
27966
36160
12663
58123
58560
67858
42218
58072
13440
6586
2457
4060
0
9246
8904
45980
19920
25461
25594
11600
31262
4060
7752
4224
4928
4128
58081
25085
7854
49163
20394
37774
33300
3162
22925
2805
7964
21301
51143
39402
53297
2265
34808
40470
0
6958
9834
40976
29445
69804
31476
6255
45684
7370
34547
16560
43834
51450
34504
11592
38016
31115
15687
15072
27354
65472
54531
8904
12546
75744
17800
8624
46002
4928
42021
22116
42210
3591
24843
74513
15663
20736
10192
27060
26640
1370
59286
33596
60720
64250
1692
9006
6751
61495
9240
65240
21840
7144
47700
35404
59000
3650
66560
20768
15345
22879
42315
9581
4350
6380
43263
66856
17538
48306
13855
58563
1818
2460
48732
63063
55552
27588
38700
35739
60606
42875
22374
43758
3556
11480
50481
37774
42292
13398
53536
62832
27885
25080
47775
34185
24477
46216
19488
23352
59438
19320
37365
32536
15225
10675
44232
25576
11592
29070
42048
42639
585
26180
3591
16200
67591
61640
12006
59033
70752
29610
65853
3162
7056
3275
0
4872
55154
16160
13056
24924
52650
15792
50589
25536
68526
24440
6965
58696
60775
7854
47960
60652
63960
1920
72210
60813
15136
2640
36873
49644
27216
51513
28400
3510
14280
10395
41310
58240
47712
51075
53760
6156
7568
59774
10950
9425
20736
5940
17195
53520
5800
56644
6475
23100
3444
63109
24287
12600
42676
20349
4004
14300
64052
59989
58072
79650
12717
36695
34200
30738
18126
30616
43068
55594
36960
28116
2562
38088
31228
36248
0
60291
5056
53520
55125
17271
11571
62872
33640
36406
22363
35028
32868
71020
30160
8120
30774
64944
60762
16300
31668
39879
65175
49920
50806
43011
43710
31980
30872
0
20604
31434
19488
1386
41764
4352
35854
49536
26432
29393
41238
10164
45920
36218
29610
52824
65853
15355
32980
19592
52710
11645
32504
24336
48128
30458
8607
49215
40385
21594
28960
12934
0
50141
21340
34697
47436
35705
26865
54635
12495
2304
50589
43676
43740
58266
830
19295
52000
8742
51296
57348
51541
35404
11954
67340
26320
12282
41128
42525
1740
16458
73670
35738
7632
26070
3900
10720
49324
3564
23072
58212
4420
1750
4716
19602
10472
14773
41128
49644
9472
25298
37720
45816
41109
18423
53357
49000
80487
21733
20202
59648
28689
51520
3718
14151
8732
36278
6480
23074
9344
37280
9964
5046
2364
11610
17052
5510
66597
50034
66788
20661
64560
2035
2002
30845
1026
62750
12720
21090
33210
38088
0
45968
80487
51212
28140
19840
22400
2337
8316
9955
53568
72930
9089
14025
8685
16154
3938
36480
32220
64256
33847
47188
447
29610
19950
22686
51972
13455
53594
20540
9796
4371
68894
65790
5187
18040
20678
56680
24910
5285
16050
1944
21600
18800
54395
9912
10428
32448
38304
23718
20160
4060
1629
9024
5796
36456
60888
30967
6965
9751
21746
15300
41591
25071
50148
2625
19109
39984
64014
63109
68226
55512
22365
21111
51678
37496
20349
25594
24255
33196
760
41764
29824
49950
35903
19350
12876
64512
20634
11220
48906
19205
46800
8320
59438
10058
27221
70675
2058
23310
65472
41688
31382
51456
25172
5760
6014
57893
22101
19888
21902
1776
31812
41334
20976
9891
10050
33293
7800
55154
43357
0
3000
30105
44310
8084
54050
33196
14240
65000
14134
32526
41536
58853
13200
28067
15368
30780
15631
0
69165
41778
18860
8736
8648
49000
12496
4444
42496
46460
13448
3366
17052
68894
42816
9920
46551
8536
19266
63335
560
29256
50190
16430
10584
20148
29014
32396
39039
5486
5640
15130
70760
56750
18079
51584
6560
42098
46258
24308
28495
5430
37492
4998
65660
19251
38646
28768
36480
23980
9089
27380
53750
52538
6536
44650
58824
57375
30621
0
39780
13005
28757
25021
8437
48708
9825
17572
21216
27727
20907
9486
32853
29680
38097
51493
20988
8712
1963
46176
42136
8777
10088
10854
55722
40222
43164
3807
32688
4048
31506
73670
39312
3912
1419
30160
29445
9900
52832
20202
6014
23345
32190
19440
42158
53929
19992
6895
68595
62746
28960
51170
13454
0
0
31920
2090
38394
8905
8844
14820
33488
6216
20079
26368
10504
44710
13280
1242
38868
14697
37492
38979
15496
51858
2035
342
61710
58072
13104
78608
0
28757
29606
9135
31675
35705
10950
8366
45024
41748
26696
2299
0
8003
59024
50400
12320
10335
27334
20202
65720
9720
25454
17538
14880
14432
2520
57552
28320
20355
8732
13926
21945
48020
57344
11700
32851
6600
67440
26112
12136
27150
41006
67591
14798
2301
47742
10915
19570
6258
21390
13608
22962
3276
25538
37496
22089
4671
5320
69784
23345
5796
43848
34944
2808
716
42946
36925
38092
